0 0 973 403 184 590 590 442 104 104 112
0 0 973 403 184 74 105 149 116 116 118
0 0 35 60 29 54 54 149 101 567 567
0 0 35 60 29 92 96 76 95 76 105
0 0 21 21 48 54 92 76 95 76 105
0 0 23 23 381 54 281 281 161 73 55
0 0 23 42 76 80 821 287 294 294 55
0 0 41 41 76 156 821 245 123 124 165
0 0 60 38 78 402 2397 245 41 108 45
0 0 266 73 78 172 480 108 45 59 59
0 0 46 73 54 373 48 202 72 64 163
0 0 46 59 59 102 86 86 73 64 67
0 73 77 30 102 54 125 89 0 0
0 73 69 37 100 49 54 314 314 0 0
69 69 37 100 35 82 521 0 0 0
62 62 779 162 51 50 82 0 0 0 0 

