11 16 
-1000 -1000 973 403 184 590 590 442 104 104 112
-1000 -1000 973 403 184 74 105 149 116 116 118
-1000 -1000 35 60 29 54 54 149 101 567 567
-1000 -1000 35 60 29 92 96 76 95 76 105
-1000 -1000 21 21 48 54 92 76 95 76 105
-1000 -1000 23 23 381 54 281 281 161 73 55
-1000 -1000 23 42 76 80 821 287 294 294 55
-1000 -1000 41 41 76 156 821 245 123 124 165
-1000 -1000 60 38 78 402 2397 245 41 108 45
-1000 -1000 266 73 78 172 480 108 45 59 59
-1000 -1000 46 73 54 373 48 202 72 64 163
-1000 -1000 46 59 59 102 86 86 73 64 67
-1000 73 77 30 102 54 125 89 125 -1000 -1000
-1000 73 69 37 100 49 54 314 314 -1000 -1000 
69 69 37 100 35 82 521 -1000 -1000 -1000 -1000
62 62 779 162 51 50 82 -1000 -1000 -1000 -1000 