0 0 0 0 0 0 0 0 0 0 0 139
87 104 1264 211 159 159 0 0 0 1009 234 139
93 65 211 211 144 297 297 627 2731 1311 333 324
45 70 143 143 100 100 119 119 423 423 1311 333 558
69 256 67 54 54 104 243 127 209 648 194 194
88 114 99 131 161 86 117 104 104 163 69 163
86 120 99 131 452 452 117 65 65 163 38 163
86 259 339 95 2427 2427 254 130 130 75 128 128
97 1152 403 95 115 307 307 88 35 36 31 0
815 570 103 71 112 112 68 132 96 96 0 0
2005 452 78 78 64 77 32 132 0 0 0 0
0 452 89 47 124 77 64 0 0 0 0 0
0 0 89 47 124 132 132 0 0 0 0 0
0 0 0 0 0 0 132 0 0 0 0 0