12 14 0
-13 -66 12 -60 -92 -64 35 37 -33 -20 47 89 
61 -26 18 38 -35 -35 -57 96 -46 62 -62 64 
-17 -31 16 18 60 -90 -76 -78 85 92 -34 -16 
-66 74 6 -67 80 -21 73 29 23 83 69 -51 
80 85 51 -4 87 -40 75 80 -25 -18 -13 -78 
51 82 1 -15 -47 29 65 25 34 4 97 -41 
11 -25 -26 -37 72 24 1 45 5 8 -72 76 
90 17 -39 31 -29 47 96 -1 -9 28 87 72 
84 -91 26 48 63 -67 -31 88 84 -57 -98 -32 
93 -10 -69 69 -15 6 -66 69 -27 30 64 -74 
-62 70 -26 -17 -45 -26 20 75 93 51 79 34 
42 6 33 -92 91 -20 -22 47 97 5 87 45 
79 52 -6 17 38 -30 20 -41 49 74 -48 33 
-87 76 -22 80 -94 38 -93 -4 -92 61 -35 9 
